#run min run max lukasik@nz21-27:dla modulow z 0.5 pF i zmodyfikowanymi motherboardami + undershoot parameter
# RC from exp fit to the tail 
#          (p9)           mean pds        Si fall time (p5) RC (p11 from tls)    !!tz0!! CsI R (p7)  !!tz1!! CsI L decay (p8) CsI risetime (p10)
#    p04   p14  p24    p05  p15  p25        p06  p16  p26     p07   p17   p27       p08  p18  p28      p09  p19  p29       p010  p110  p210
3        3000
 0   1.80 1.36 2.86 1024.98 1038.66  990.80 29.83 33.75 20.0  875.5  994.1 1111.5 100.56 75.07 74.51  90.94 480.46 423.69  10.20 32.87 31.14
 1   1.81 1.39 3.05  950.32  942.10 1023.48 31.06 28.67 20.0  862.5 1245.8  774.9  88.33 79.48 75.13  76.21 427.99 559.24  10.75 27.51 57.76
 2   1.81 1.39 3.62 1119.34 1052.20 1087.66 31.06 38.12 20.0 1000.0  961.0  752.4 101.00 75.23 75.64  85.14 427.99 665.31  11.47 36.79 31.52
 3   1.85 2.04 3.14  965.86 1033.92 1158.54 30.47 24.41 20.0 1040.2 1071.2  969.2  86.12 76.97 79.73 126.48 383.68 467.35  11.75 27.47 35.77
 4   1.99 1.32 2.83  858.63 1144.11  946.07 29.72 33.69 20.0  892.5 1015.8 1014.4 104.59 78.84 74.65  84.55 467.58 466.33  10.25 34.10 33.59
 5   1.99 1.64 3.53  834.20  957.40 1016.12 29.72 31.27 20.0 1000.0 1068.0  951.7 101.00 73.55 76.31  85.72 467.58 486.38  11.43 34.29 42.82
 6   2.03 1.64 3.30  962.25 1316.01 1151.29 25.94 32.35 20.0 1047.6  980.5 1131.8 112.82 75.70 79.29  96.91 458.40 430.41   9.98 31.90 28.57
 7   1.91 1.25 3.03 1170.43 1067.12  989.77 29.03 38.72 20.0  870.9  976.3 1070.0 117.70 76.64 75.18  84.67 536.62 709.43  10.31 41.35 39.71
 8   1.86 1.42 2.98 1075.90 1052.08 1132.58 28.57 36.27 20.0  856.6  906.1  974.7  98.73 80.09 75.24  96.72 473.41 461.06   9.72 37.83 35.16
 9   1.91 1.61 2.96 1047.46  961.91 1200.37 29.86 32.08 20.0  912.8 1033.0 1081.9  95.33 81.31 75.81  92.29 460.12 406.43  11.96 30.44 29.32
10   1.94 1.68 3.12 1021.16 1046.70 1069.03 26.93 41.44 20.0  980.7  794.0  936.6  92.85 81.87 74.91 115.99 475.46 443.78  11.05 55.85 37.08
11   1.92 1.72 2.93 1028.07  903.91  999.57 31.01 29.94 20.0  777.2  917.5  947.8  98.38 82.10 80.55 101.94 429.63 426.78  11.75 31.80 37.20
12   1.96 1.61 2.92  970.06 1179.02 1128.20 28.42 33.52 20.0  956.1 1011.4 1058.2 103.53 86.77 79.27  98.29 469.42 442.17  10.08 32.47 30.44
13   1.98 1.95 3.08 1271.50 1145.76  913.36 30.01 32.03 20.0  894.6  988.0 1004.4 105.02 85.48 74.62 100.66 417.44 443.14  10.96 33.12 35.59
14   1.70 1.95 3.75 1003.16 1093.63 1146.40 28.22 32.03 20.0  875.1 1000.0 1038.9 111.57 78.61 77.39  95.00 328.46 464.21  11.89 26.78 32.15
15   1.24 2.75 2.92 1004.30  996.00 475.00  26.3  24.5  20.0 1000.0 1000.0 1000.0  77.10 87.21 75.79 385.39 341.65 390.88   9.95 31.08 10.67
16   1.28 2.37 1.43 1044.59  993.67 35.0    24.3  19.8  20.0  315.6  285.9  743.6  76.55 80.14 77.88 396.81 367.16 386.18  10.16 21.99  5.84
17   1.34 2.24 1.73  948.17 1136.97 35.0    24.7  19.1  20.0  300.2  287.4  737.5  75.67 78.14 74.42 389.59 351.37 386.18  10.18 22.38  6.89
18   1.17 1.87 2.85 1039.51 1202.87 35.0    20.4  19.8   9.2  388.1  398.3  626.4  75.10 82.10 78.27 389.21 234.19 388.60  10.01 21.37 10.66
19   1.26 2.25 1.38 1044.00 1073.91 35.0    25.4  19.8  20.0  289.6  282.7  772.3  76.32 81.93 75.64 390.39 366.90 386.18   9.91 22.13  5.45
20   1.40 2.58 1.75 1151.22 1001.12 35.0    23.7  20.3  20.0  298.8  254.6  752.0  75.63 82.09 78.17 384.43 351.08 386.18  10.14 24.39  7.37
21   1.41 2.46 2.98  964.14 1132.69 35.0    24.0  21.1  20.0  307.1  248.7  584.7  79.14 85.13 78.76 369.86 342.17 388.15  12.65 29.24 11.12
22   1.27 2.59 2.88 1321.50  915.94 35.0    27.3  22.0  20.0  321.0  253.1  634.0  75.01 79.84 75.86 385.53 340.51 391.87   9.88 29.01  9.96
23   2.43 3.22 3.18  962.21 1148.56 35.0    19.6  13.4  22.3  876.6  880.4  629.3  76.05 70.28 79.20 391.29 492.50 505.02  10.28 23.42 11.43
24   3.57 3.61 3.61  35.0 35.0 35.0         20.0  20.0  20.0  576.9  491.7  493.5  77.47 77.47 78.53 388.43 388.43 366.03  11.25 11.25 13.00
25   3.30 3.10 1.44  35.0 35.0 35.0         20.0  20.0  20.0  588.8  350.0  350.0  75.91 75.91 75.70 398.79 398.79 386.18   9.63  9.63  5.65
26   3.17 3.18 1.79  35.0 35.0 35.0         20.0  20.0  20.0  618.1  563.4  701.8  76.82 76.82 78.86 381.27 381.27 386.18  10.08 10.08  7.89
27   3.68 3.42 2.70  35.0 35.0 35.0         20.0  20.0  20.0  540.5  512.3  589.1  77.79 77.79 79.69 385.58 385.58 391.81  10.94 10.94 11.56
28   3.30 3.16 1.41  35.0 35.0 35.0         20.0  20.0  20.0  631.6  599.4  739.6  74.76 74.76 80.39 391.91 391.91 386.18   9.93  9.93  6.56
29   3.31 2.88 1.88  35.0 35.0 35.0         20.0  20.0  20.0  582.8  668.5  727.1  75.83 75.83 76.84 391.58 391.58 386.18   9.92  9.92  7.80
30   3.92 3.48 3.25  35.0 35.0 35.0         20.0  20.0  20.0  500.6  505.5  633.3  80.77 80.77 74.80 383.74 383.74 389.33  12.01 12.01 10.25
31   3.12 3.14 1.38  35.0 35.0 35.0         20.0  20.0  20.0  628.1  570.7  717.6  77.42 77.42 80.47 391.58 391.58 386.18   9.92  9.92  6.33
32   3.25 3.15 1.93  35.0 35.0 35.0         20.0  20.0  20.0  594.8  555.4  745.5  75.15 75.15 77.97 385.59 385.59 386.18   9.67  9.67  7.94
33   3.43 3.33 3.33  35.0 35.0 35.0         20.0  20.0  20.0  543.2  326.4  562.0  76.24 76.24 80.18 362.84 362.84 380.36  13.19 13.19 12.91
34   3.59 3.61 3.22  35.0 35.0 35.0         20.0  20.0  20.0  586.2  483.5  546.7  81.79 81.79 80.84 377.31 377.31 396.99  13.40 13.40 12.55
